
BASEML (in paml version 4.10.7, June 2023)  tmp0001.txt  HKY85 dGamma (ncatG=4)
Frequencies..
                                    T      C      A      G
Ach_gra_IU2016851888           0.41015 0.13590 0.30315 0.15081 GC = 0.287
Ach_saw_IU20168841073          0.37740 0.16018 0.29869 0.16372 GC = 0.324
Ach_sp_IU201318597             0.40351 0.12691 0.31357 0.15601 GC = 0.283
Ach_spi_PYC108                 0.40397 0.14543 0.28516 0.16544 GC = 0.311
Ach_tra_PYC008                 0.38980 0.15046 0.28386 0.17588 GC = 0.326
Ach_sp_IU2011659               0.41307 0.12836 0.31191 0.14666 GC = 0.275
Ach_sp_IU2011764               0.41322 0.12806 0.31284 0.14589 GC = 0.274
Amm_adu_IU2007231              0.40953 0.12929 0.31391 0.14727 GC = 0.277
Amm_adu_PYC099                 0.40614 0.13696 0.30934 0.14757 GC = 0.285
Amm_cftib_IU2007247            0.41498 0.12438 0.31488 0.14576 GC = 0.270
Amm_gig_IU20161421             0.41045 0.13067 0.31145 0.14743 GC = 0.278
Amm_gla_PYC013                 0.41143 0.11996 0.30697 0.16164 GC = 0.282
Amm_hil_GNBK                   0.41307 0.12421 0.31309 0.14963 GC = 0.274
Amm_sp_IU2007324               0.41322 0.12913 0.31145 0.14620 GC = 0.275
Amm_sp_PYC009                  0.41005 0.13130 0.31069 0.14795 GC = 0.279
Amm_sp_PYC011                  0.39532 0.14276 0.30713 0.15479 GC = 0.298
Amm_sp_PYC015                  0.41046 0.12695 0.32034 0.14225 GC = 0.269
Amm_sp_PYC020                  0.40764 0.13214 0.30765 0.15257 GC = 0.285
Amm_sp_PYC107                  0.40915 0.12798 0.32062 0.14224 GC = 0.270
Amm_IU20161393                 0.41752 0.13344 0.28096 0.16808 GC = 0.302
Amm_PYC004                     0.40663 0.13845 0.28261 0.17231 GC = 0.311
Amm_PYC005                     0.39465 0.14098 0.31009 0.15428 GC = 0.295
Amm_dir_IU2016833              0.39139 0.14174 0.31191 0.15496 GC = 0.297
Amm_exo_IU2016829              0.42521 0.12759 0.29039 0.15680 GC = 0.284
Amm_spi_IU2016826              0.38479 0.14684 0.32415 0.14422 GC = 0.291
Ana_imp_Hexapoda               0.40699 0.14051 0.28613 0.16636 GC = 0.307
Ano_cfcal_IU2016811            0.42233 0.12073 0.31636 0.14057 GC = 0.261
Ano_dig_IU2016876              0.42644 0.11745 0.31776 0.13836 GC = 0.256
Ano_gan_IU2016854              0.42793 0.11945 0.31581 0.13681 GC = 0.256
Ano_gla_IU2016877              0.41153 0.12237 0.31699 0.14912 GC = 0.271
Ano_ins_IU2016808              0.42936 0.12006 0.30945 0.14112 GC = 0.261
Ano_mas_IU20161124             0.43136 0.11514 0.31929 0.13420 GC = 0.249
Ano_mic_IU2016804              0.42229 0.12098 0.31560 0.14112 GC = 0.262
Ano_pec_IU2016806              0.39273 0.15309 0.27537 0.17881 GC = 0.332
Ano_pet_PYC067                 0.43968 0.11933 0.29757 0.14342 GC = 0.263
Ano_sp_IU2011699               0.40638 0.13335 0.29566 0.16461 GC = 0.298
Ano_sp_IU201212791266          0.42576 0.11530 0.32120 0.13774 GC = 0.253
Ano_sp_IU201318611             0.43459 0.11729 0.31222 0.13590 GC = 0.253
Ano_sp_IU20161410              0.41627 0.12241 0.31601 0.14532 GC = 0.268
Ano_val_PYC043                 0.38225 0.14362 0.31117 0.16296 GC = 0.307
Asc_aby_PYC021                 0.40416 0.14104 0.27584 0.17896 GC = 0.320
Asc_cas_IU20148275             0.40154 0.14020 0.30177 0.15650 GC = 0.297
Asc_cas_IU2016883              0.41157 0.13150 0.30837 0.14857 GC = 0.280
Asc_lat_IU2016816              0.40427 0.14255 0.30232 0.15085 GC = 0.293
Asc_qua_IU200820493            0.40787 0.14273 0.29683 0.15257 GC = 0.295
Asc_set_IU20166864             0.39619 0.16333 0.28930 0.15118 GC = 0.315
Asc_sp_IU2011748               0.39582 0.15116 0.30186 0.15116 GC = 0.302
Asc_sp_IU20136582              0.41833 0.13873 0.29099 0.15195 GC = 0.291
Aus_gor_PYC001                 0.45150 0.11503 0.21866 0.21482 GC = 0.330
Aus_lon_PYC100                 0.43121 0.13157 0.28899 0.14824 GC = 0.280
Aus_cor_IU2007305              0.39078 0.14420 0.31545 0.14958 GC = 0.294
Aus_cri_PYC109                 0.33195 0.16895 0.32697 0.17212 GC = 0.341
Aus_sp_PYC030                  0.34492 0.16991 0.31765 0.16752 GC = 0.337
Aus_juv_PYC115                 0.40207 0.14189 0.28288 0.17316 GC = 0.315
Aus_pol_PYC114                 0.23883 0.22238 0.25294 0.28585 GC = 0.508
Aus_pra_PYC127                 0.40511 0.14211 0.28065 0.17214 GC = 0.314
Bat_mol_IU200820672            0.39604 0.14905 0.29504 0.15987 GC = 0.309
Bat_sp_IU20161417              0.42859 0.12498 0.29716 0.14927 GC = 0.274
Bat_sp_IU20161469              0.39892 0.14896 0.29654 0.15557 GC = 0.305
Bat_sp_IU20166865              0.40676 0.13800 0.29637 0.15887 GC = 0.297
Bor_aby_PYC045                 0.35521 0.17465 0.27917 0.19097 GC = 0.366
Bor_cfoss_PYC046               0.38960 0.15215 0.27479 0.18346 GC = 0.336
Cal_cfbre_PYC033               0.37603 0.15361 0.30961 0.16075 GC = 0.314
Cal_mic_PYC034                 0.33930 0.17995 0.27246 0.20829 GC = 0.388
Cal_IU2011625                  0.38724 0.15834 0.29731 0.15711 GC = 0.315
Car_rot_Xiphosura              0.39800 0.15557 0.28578 0.16065 GC = 0.316
Cil_sca_IU20166862             0.38063 0.16218 0.28870 0.16849 GC = 0.331
Cil_sew_IU2011624              0.39693 0.14988 0.28993 0.16326 GC = 0.313
Col_IU20136603                 0.40615 0.14327 0.29470 0.15588 GC = 0.299
Col_arc_PYC026                 0.40366 0.14332 0.29316 0.15986 GC = 0.303
Col_aus_IU2007172              0.41575 0.12930 0.30792 0.14704 GC = 0.276
Col_aus_PYC122                 0.41860 0.12477 0.31203 0.14459 GC = 0.269
Col_cfgla_PYC098               0.41825 0.13072 0.31083 0.14021 GC = 0.271
Col_cfmac_IU20161473           0.39646 0.14881 0.30100 0.15373 GC = 0.303
Col_cfpip_IU20161465           0.40753 0.14358 0.30238 0.14650 GC = 0.290
Col_col_IU200820591            0.40830 0.13436 0.30915 0.14819 GC = 0.283
Col_col_IU200820598            0.40723 0.13436 0.31084 0.14758 GC = 0.282
Col_gla_PYC101                 0.41688 0.13086 0.30896 0.14330 GC = 0.274
Col_hoe_PYC028                 0.41116 0.13922 0.30589 0.14373 GC = 0.283
Col_lep_IU200820651            0.39677 0.14850 0.30115 0.15357 GC = 0.302
Col_mac_IU200820494            0.40799 0.13820 0.30161 0.15219 GC = 0.290
Col_mac_IU200820504            0.39769 0.14804 0.29962 0.15465 GC = 0.303
Col_mac_IU20111642             0.40384 0.14204 0.30315 0.15096 GC = 0.293
Col_mac_IU20113664             0.41174 0.13730 0.31105 0.13992 GC = 0.277
Col_meg_PYC027                 0.41816 0.12913 0.31244 0.14027 GC = 0.269
Col_min_IU200820602            0.40639 0.13798 0.30694 0.14870 GC = 0.287
Col_pip_IU200820509            0.40430 0.14035 0.30530 0.15004 GC = 0.290
Col_sp_IU2007212               0.41201 0.13241 0.30527 0.15030 GC = 0.283
Col_sp_IU20161412              0.40154 0.14112 0.30699 0.15035 GC = 0.291
Col_sp_IU20161419              0.40938 0.13159 0.30807 0.15096 GC = 0.283
Col_sp_PYC123                  0.41955 0.12468 0.31288 0.14289 GC = 0.268
Col_ten_IU2007130              0.40784 0.13759 0.30192 0.15265 GC = 0.290
Cry_sp_Ricinulei               0.36557 0.18279 0.26284 0.18880 GC = 0.372
Dam_dia_Amblypigi              0.35635 0.19236 0.24383 0.20746 GC = 0.400
Dec_aus_IU2007219              0.41061 0.13008 0.31259 0.14672 GC = 0.277
End_affmer_IU20161142          0.39058 0.15913 0.28009 0.17021 GC = 0.329
End_aus_IU2007207              0.38141 0.16700 0.28567 0.16592 GC = 0.333
End_aus_PYC125                 0.37920 0.16848 0.28769 0.16464 GC = 0.333
End_fla_IU2016840              0.37633 0.16254 0.29121 0.16992 GC = 0.332
End_mol_PYC104                 0.37787 0.16617 0.29154 0.16442 GC = 0.331
End_sp_IU201318638             0.37894 0.16100 0.29167 0.16839 GC = 0.329
End_sp_IU20161416              0.39403 0.14468 0.30609 0.15520 GC = 0.300
End_sp_IU2016863               0.38319 0.16774 0.27455 0.17452 GC = 0.342
Ere_sp_Solifugae               0.36542 0.16958 0.27829 0.18671 GC = 0.356
Eur_cli_IU2016824              0.37832 0.16141 0.28547 0.17479 GC = 0.336
Eur_his_PYC024                 0.38136 0.15225 0.29571 0.17068 GC = 0.323
Eur_rap_IU2016818              0.37233 0.16864 0.28517 0.17387 GC = 0.343
Eur_sp_IU20121248              0.38478 0.16049 0.28332 0.17141 GC = 0.332
Eur_sp_IU2016819               0.36284 0.17914 0.29399 0.16403 GC = 0.343
Hed_sp_IU20166868              0.41706 0.11960 0.31714 0.14620 GC = 0.266
Hep_sp_Mesothelae              0.39210 0.15487 0.28629 0.16674 GC = 0.322
Lim_pol_Xiphosura              0.36403 0.18862 0.26257 0.18478 GC = 0.373
Lip_sp_Mesothelae              0.36704 0.18667 0.26670 0.17959 GC = 0.366
Lit_for_Chilopoda              0.35742 0.18909 0.26149 0.19201 GC = 0.381
Mas_gig_Thelyphonida           0.37781 0.16882 0.27888 0.17449 GC = 0.343
Nar_sp_Diplopoda               0.34405 0.20034 0.25896 0.19665 GC = 0.397
Nym_aem_IU20168451186          0.42562 0.12735 0.30905 0.13797 GC = 0.265
Nym_aus_IU2007129              0.39876 0.14981 0.30129 0.15014 GC = 0.300
Nym_aus_PYC048                 0.37569 0.17208 0.28536 0.16687 GC = 0.339
Nym_bia_PYC086                 0.36256 0.18027 0.28382 0.17335 GC = 0.354
Nym_cfapi_IU20161460           0.40046 0.15296 0.29347 0.15311 GC = 0.306
Nym_cfaus_PYC119               0.38879 0.15348 0.29180 0.16594 GC = 0.319
Nym_cfcon_PYC049               0.38531 0.14961 0.29410 0.17098 GC = 0.321
Nym_cffor_IU20217458           0.37141 0.17955 0.27794 0.17110 GC = 0.351
Nym_cha_IU2007327              0.40621 0.14914 0.28967 0.15498 GC = 0.304
Nym_dor_IU2016879              0.41887 0.13239 0.30573 0.14301 GC = 0.275
Nym_ele_PYC050                 0.39501 0.14858 0.28347 0.17294 GC = 0.322
Nym_gir_IU20161429             0.41050 0.14270 0.29893 0.14786 GC = 0.291
Nym_gro_PYC051                 0.39225 0.14456 0.29948 0.16370 GC = 0.308
Nym_mac_PYC052                 0.38874 0.15442 0.27639 0.18045 GC = 0.335
Nym_mac_PYC053                 0.36728 0.16794 0.29463 0.17015 GC = 0.338
Nym_mac_IU2011660              0.40007 0.14877 0.30273 0.14843 GC = 0.297
Nym_mar_IU2016889              0.41884 0.13335 0.30732 0.14049 GC = 0.274
Nym_mol_PYC054                 0.37896 0.15717 0.29457 0.16930 GC = 0.326
Nym_pau_PYC120                 0.38983 0.15317 0.29703 0.15997 GC = 0.313
Nym_sp_IU2012976               0.43052 0.12153 0.31290 0.13505 GC = 0.257
Nym_sp_IU20161472              0.38254 0.15997 0.28731 0.17018 GC = 0.330
Nym_sur_IU201318615            0.36712 0.18348 0.27884 0.17056 GC = 0.354
Nym_ten_PYC055                 0.39014 0.15370 0.28489 0.17128 GC = 0.325
Nym_vil_PYC106                 0.38816 0.15864 0.29087 0.16233 GC = 0.321
Nym_tap_PYC079                 0.37059 0.16919 0.30616 0.15407 GC = 0.323
Nym_cur_IU2011760              0.41630 0.13436 0.28762 0.16172 GC = 0.296
Nym_duo_IU2016812              0.42690 0.12821 0.29516 0.14973 GC = 0.278
Nym_mus_IU201318640            0.41030 0.13697 0.29393 0.15880 GC = 0.296
Opi_par_Opiliones              0.38507 0.16459 0.27652 0.17383 GC = 0.338
Pal_amb_PYC039                 0.35093 0.16957 0.31134 0.16816 GC = 0.338
Pal_fla_PYC040                 0.38933 0.14292 0.30902 0.15873 GC = 0.302
Pal_pac_PYC041                 0.38683 0.15125 0.29282 0.16909 GC = 0.320
Pal_ref_PYC042                 0.34344 0.17560 0.29828 0.18268 GC = 0.358
Pal_spi_IU2016846              0.39354 0.14266 0.31253 0.15127 GC = 0.294
Pal_IU20092                    0.42583 0.12175 0.31391 0.13851 GC = 0.260
Pal_IU20136558                 0.39969 0.14635 0.29869 0.15527 GC = 0.302
Pal_ang_IU20166873             0.41937 0.12252 0.31145 0.14666 GC = 0.269
Pal_can_IU2016814              0.39769 0.14343 0.30961 0.14927 GC = 0.293
Pal_cfhie_PYC062               0.39007 0.15100 0.30325 0.15568 GC = 0.307
Pal_cfhod_PYC121               0.39045 0.15239 0.30288 0.15428 GC = 0.307
Pal_cfpat_PYC061               0.39747 0.14509 0.30017 0.15727 GC = 0.302
Pal_cfvir_IU20166879           0.41230 0.12606 0.31115 0.15050 GC = 0.277
Pal_cro_IU2011693              0.42291 0.12098 0.31268 0.14343 GC = 0.264
Pal_pat_IU2007134              0.39277 0.14896 0.30638 0.15188 GC = 0.301
Pal_pat_IU200820510            0.42029 0.12237 0.31176 0.14558 GC = 0.268
Pal_pil_IU2007310              0.40784 0.13928 0.30530 0.14758 GC = 0.287
Pal_sch_IU2016813              0.39293 0.14527 0.31053 0.15127 GC = 0.297
Pal_sp_IU20161471              0.41968 0.12252 0.31022 0.14758 GC = 0.270
Pal_sp_PYC010                  0.38607 0.14989 0.29348 0.17056 GC = 0.320
Pal_sp_PYC059                  0.38302 0.15459 0.30693 0.15546 GC = 0.310
Pan_arm_PYC002                 0.42212 0.13484 0.25289 0.19015 GC = 0.325
Par_ber_IU20161221             0.41937 0.13774 0.29178 0.15111 GC = 0.289
Par_sp_IU2011605               0.41983 0.12375 0.31714 0.13928 GC = 0.263
Par_sp_IU2011675               0.40753 0.13482 0.31699 0.14066 GC = 0.275
Pen_ant_IU2007336              0.39939 0.14789 0.28947 0.16326 GC = 0.311
Pen_ant_PYC058                 0.38793 0.15426 0.28965 0.16815 GC = 0.322
Pen_ant_PYC111                 0.38839 0.15482 0.28705 0.16974 GC = 0.325
Pen_cfant_PYC113               0.39089 0.15262 0.28835 0.16814 GC = 0.321
Pen_sp_PYC057                  0.26329 0.21852 0.26516 0.25303 GC = 0.472
Pen_sp_PYC112                  0.39314 0.15093 0.29848 0.15745 GC = 0.308
Pen_cfbou_IU2007330            0.43885 0.10508 0.33262 0.12344 GC = 0.229
Pen_gea_IU20164187             0.39499 0.14114 0.31888 0.14499 GC = 0.286
Pen_sp_PYC069                  0.42976 0.11605 0.31484 0.13934 GC = 0.255
Pha_opi_Opiliones              0.38436 0.16236 0.27517 0.17812 GC = 0.340
Pho_IU201318544                0.42506 0.12375 0.30761 0.14358 GC = 0.267
Pho_IU20136592                 0.38991 0.15975 0.29059 0.15975 GC = 0.319
Pho_IU20136598                 0.42321 0.11760 0.31653 0.14266 GC = 0.260
Pho_fem_PYC068                 0.38365 0.15772 0.30189 0.15675 GC = 0.314
Phr_sp_Amblypygi               0.37015 0.18176 0.25370 0.19439 GC = 0.376
Pro_cfard_IU2011757            0.41599 0.12636 0.31207 0.14558 GC = 0.272
Pse_ger_Ricinulei              0.37040 0.17465 0.26552 0.18943 GC = 0.364
Pse_spi_PYC036                 0.35224 0.16511 0.32233 0.16032 GC = 0.325
Pyc_IU2011618                  0.41175 0.12608 0.32334 0.13884 GC = 0.265
Pyc_afr_IU2011104              0.40391 0.13161 0.32488 0.13961 GC = 0.271
Pyc_ces_IU201610338            0.38684 0.14929 0.31319 0.15068 GC = 0.300
Pyc_gai_IU2007126              0.40941 0.11921 0.34025 0.13113 GC = 0.250
Pyc_lit_PYC097                 0.39504 0.13278 0.32259 0.14959 GC = 0.282
Pyc_mad_IU2011717              0.39108 0.13851 0.32467 0.14573 GC = 0.284
Pyc_sp_IU2007296               0.42543 0.11946 0.31642 0.13868 GC = 0.258
Pyc_sp_IU2007326               0.41289 0.12394 0.32523 0.13794 GC = 0.262
Pyc_sp_IU2011623               0.40175 0.13130 0.32841 0.13853 GC = 0.270
Pyc_sta_IU20166863             0.38915 0.14883 0.30904 0.15298 GC = 0.302
Rho_fil_IU20161476             0.37832 0.16234 0.29377 0.16556 GC = 0.328
Rhy_mon_PYC072                 0.47835 0.11557 0.19013 0.21594 GC = 0.332
Ric_kar_Ricinulei              0.36586 0.18794 0.25532 0.19087 GC = 0.379
Scu_col_Chilopoda              0.36587 0.18286 0.27490 0.17637 GC = 0.359
Ser_het_IU201315606            0.40015 0.14404 0.29915 0.15665 GC = 0.301
Ser_sp_IU201319239             0.40108 0.14281 0.29854 0.15757 GC = 0.300
Ser_sp_PYC118                  0.40147 0.14683 0.28823 0.16347 GC = 0.310
Squ_emp_Multicrustacea         0.37112 0.17994 0.25454 0.19440 GC = 0.374
Sty_che_PYC044                 0.33551 0.17103 0.33988 0.15358 GC = 0.325
Tan_acu_IU2016856              0.41214 0.13297 0.30392 0.15096 GC = 0.284
Tan_bou_IU20161074             0.41614 0.12606 0.30438 0.15342 GC = 0.279
Tan_cal_PYC018                 0.41020 0.12956 0.30851 0.15173 GC = 0.281
Tan_hum_IU2016868              0.41766 0.12625 0.29881 0.15728 GC = 0.284
Tan_ing_IU2016867              0.41168 0.12744 0.31038 0.15050 GC = 0.278
Tan_orb_GNBK                   0.41691 0.12145 0.31115 0.15050 GC = 0.272
Tan_orb_IU2016872              0.41384 0.13082 0.30669 0.14865 GC = 0.279
Tan_orb_PYC019                 0.42307 0.11470 0.31832 0.14391 GC = 0.259
Tan_tay_IU2016858              0.41691 0.12898 0.30884 0.14527 GC = 0.274
Tri_cas_Hexapoda               0.36552 0.18284 0.27787 0.17377 GC = 0.357
Tri_lon_Branchiopoda           0.38502 0.16782 0.26396 0.18320 GC = 0.351

Homogeneity statistic: X2 = 1.74746 G = 1.72398 

Average                        0.39939 0.14410 0.29938 0.15714
(Ambiguity characters are used to calculate freqs.)


# constant sites:      0 (0.00%)
Distances:HKY85 (kappa)  (alpha set at 0.50)
This matrix is not used in later m.l. analysis.

(Pairwise deletion.)
Ach_gra_IU2016851888  
Ach_saw_IU20168841073    0.269952 ( 2.7809)
Ach_sp_IU201318597    0.384248 ( 1.6722)  0.459765 ( 2.2017)
Ach_spi_PYC108     0.342285 ( 1.7534)  0.439411 ( 2.4503)  0.287947 ( 1.8274)
Ach_tra_PYC008     0.396439 ( 2.0910)  0.472873 ( 2.4856)  0.326539 ( 1.9869)  0.319556 ( 2.7706)
Ach_sp_IU2011659    0.363221 ( 1.3699)  0.424830 ( 2.0163)  0.355308 ( 1.4517)  0.335939 ( 1.5892)  0.388485 ( 2.1372)
Ach_sp_IU2011764    0.362802 ( 1.3739)  0.425468 ( 2.0170)  0.353076 ( 1.4355)  0.335994 ( 1.5828)  0.387401 ( 2.1180)  0.001561 ( 5.9910)
Amm_adu_IU2007231    0.366059 ( 1.4757)  0.439272 ( 2.2213)  0.378827 ( 1.6519)  0.326617 ( 1.8797)  0.370223 ( 2.2059)  0.215277 ( 2.0033)  0.214195 ( 1.9724)
Amm_adu_PYC099     0.392342 ( 1.7343)  0.451100 ( 2.3291)  0.393138 ( 1.8848)  0.372218 ( 2.0607)  0.391008 ( 2.5111)  0.231874 ( 1.8987)  0.230166 ( 1.8811)  0.072480 ( 7.0468)
Amm_cftib_IU2007247    0.354567 ( 1.5171)  0.417283 ( 1.9412)  0.364506 ( 1.5490)  0.328334 ( 1.7038)  0.359249 ( 2.0116)  0.207180 ( 1.8478)  0.205231 ( 1.8187)  0.103624 ( 4.8780)  0.126144 ( 4.7027)
Amm_gig_IU20161421    0.354294 ( 1.5204)  0.419528 ( 2.1295)  0.375281 ( 1.6012)  0.329830 ( 1.8193)  0.379634 ( 2.2409)  0.209437 ( 2.0110)  0.207752 ( 1.9875)  0.098378 ( 4.8047)  0.107025 ( 4.3519)  0.098406 ( 5.2735)
Amm_gla_PYC013     0.324045 ( 1.0783)  0.374313 ( 1.7154)  0.340091 ( 1.4157)  0.235581 ( 1.1846)  0.301847 ( 1.6514)  0.169643 ( 1.0928)  0.170134 ( 1.0889)  0.085184 ( 3.2145)  0.091125 ( 4.7497)  0.071090 ( 4.4204)  0.079489 ( 3.4546)
Amm_hil_GNBK       0.372678 ( 1.4976)  0.437204 ( 2.0479)  0.373362 ( 1.5416)  0.332534 ( 1.6974)  0.391625 ( 2.0214)  0.174359 ( 2.2078)  0.172482 ( 2.1468)  0.219332 ( 2.1937)  0.229352 ( 2.1532)  0.208507 ( 1.9766)  0.211238 ( 2.0899)  0.182196 ( 1.3904)
Amm_sp_IU2007324    0.349087 ( 1.4800)  0.431043 ( 2.0628)  0.370715 ( 1.6363)  0.334229 ( 1.7654)  0.369519 ( 2.1509)  0.208350 ( 1.8487)  0.207025 ( 1.8331)  0.102038 ( 4.9276)  0.117000 ( 4.8260)  0.092630 ( 7.7288)  0.096829 ( 5.3382)  0.063670 ( 4.1726)  0.214369 ( 2.0136)
Amm_sp_PYC009      0.344443 ( 1.4983)  0.419969 ( 2.1123)  0.356370 ( 1.4963)  0.334239 ( 1.6504)  0.379552 ( 2.2481)  0.211282 ( 1.8133)  0.209112 ( 1.7820)  0.103086 ( 4.9700)  0.115808 ( 5.0343)  0.092504 ( 6.9107)  0.095851 ( 4.6462)  0.055592 ( 6.8117)  0.212261 ( 1.7344)  0.052394 ( 7.2958)
Amm_sp_PYC011      0.311610 ( 1.4029)  0.375110 ( 2.0274)  0.314204 ( 1.6030)  0.305115 ( 1.6967)  0.340962 ( 2.0667)  0.200542 ( 1.7208)  0.199680 ( 1.7184)  0.101589 ( 4.7698)  0.113279 ( 4.9186)  0.087563 ( 7.3260)  0.090037 ( 4.4268)  0.045897 ( 6.3342)  0.203193 ( 1.6309)  0.048239 ( 6.3331)  0.000209 (999.0000)
Amm_sp_PYC015      0.329673 ( 1.2982)  0.395193 ( 1.9863)  0.340576 ( 1.4599)  0.301330 ( 1.4882)  0.353971 ( 2.1106)  0.192071 ( 1.4632)  0.191787 ( 1.4689)  0.091019 ( 3.6847)  0.110408 ( 4.3937)  0.081325 ( 5.7209)  0.087274 ( 4.0599)  0.012066 ( 1.4481)  0.196852 ( 1.6287)  0.071552 ( 5.6843)  0.070835 ( 5.5848)  0.065570 ( 5.4689)
Amm_sp_PYC020      0.334078 ( 1.4462)  0.406895 ( 2.0580)  0.344279 ( 1.4615)  0.332136 ( 1.6328)  0.372947 ( 2.2201)  0.215544 ( 1.7381)  0.213382 ( 1.7082)  0.107940 ( 4.3944)  0.116240 ( 4.9534)  0.096255 ( 5.9826)  0.098413 ( 4.1363)  0.054848 ( 6.2974)  0.212040 ( 1.6647)  0.056443 ( 5.7561)  0.000188 (999.0000)  0.000212 (999.0000)  0.070612 ( 5.3450)
Amm_sp_PYC107      0.328824 ( 1.2882)  0.393880 ( 1.9886)  0.338712 ( 1.4159)  0.301826 ( 1.4942)  0.354480 ( 2.1166)  0.192846 ( 1.4423)  0.192559 ( 1.4479)  0.090857 ( 3.6432)  0.110358 ( 4.3470)  0.081563 ( 5.6574)  0.087320 ( 4.0329)  0.012516 ( 1.5336)  0.197279 ( 1.5991)  0.072209 ( 5.6745)  0.071244 ( 5.5415)  0.065738 ( 5.3740)  0.000155 (999.0000)  0.070861 ( 5.3713)
Amm_IU20161393     0.470971 ( 2.3108)  0.557337 ( 3.0939)  0.432031 ( 2.0503)  0.364550 ( 2.2524)  0.434893 ( 2.3826)  0.420637 ( 2.0510)  0.418933 ( 2.0268)  0.450867 ( 2.1463)  0.480179 ( 2.4678)  0.437556 ( 2.0571)  0.439083 ( 2.2069)  0.373311 ( 1.6702)  0.440309 ( 2.1963)  0.429401 ( 2.0452)  0.427073 ( 2.1057)  0.371323 ( 1.9158)  0.401691 ( 1.9790)  0.415865 ( 2.0586)  0.402599 ( 1.9597)
Amm_PYC004         0.378871 ( 2.2745)  0.482871 ( 2.9844)  0.303581 ( 2.3929)  0.173024 ( 4.9338)  0.315251 ( 2.6292)  0.373770 ( 2.0746)  0.373952 ( 2.0689)  0.352615 ( 2.1646)  0.386245 ( 2.2899)  0.353302 ( 2.0694)  0.349649 ( 2.1328)  0.283790 ( 1.7231)  0.353756 ( 1.9970)  0.362578 ( 2.1612)  0.368815 ( 2.2130)  0.336999 ( 2.2147)  0.339834 ( 1.9671)  0.357107 ( 2.2088)  0.339273 ( 1.9594)  0.394750 ( 2.8871)
Amm_PYC005         0.319986 ( 1.7054)  0.392696 ( 1.9976)  0.356665 ( 1.6643)  0.327530 ( 1.8026)  0.386832 ( 2.1968)  0.210951 ( 2.0850)  0.209511 ( 2.0688)  0.165241 ( 2.6756)  0.170613 ( 2.6864)  0.167351 ( 2.7636)  0.161403 ( 2.5860)  0.120956 ( 2.5470)  0.199670 ( 2.2716)  0.162096 ( 3.0045)  0.153388 ( 2.6318)  0.149328 ( 2.6629)  0.144561 ( 2.5152)  0.157705 ( 2.5590)  0.145126 ( 2.4763)  0.429691 ( 2.2188)  0.360413 ( 2.3135)
Amm_dir_IU2016833    0.384261 ( 1.9027)  0.436989 ( 2.5759)  0.380872 ( 1.7042)  0.338840 ( 2.0985)  0.386202 ( 1.9567)  0.353795 ( 1.6872)  0.353824 ( 1.6817)  0.356812 ( 2.0170)  0.368918 ( 2.2125)  0.350400 ( 1.7416)  0.342798 ( 1.7342)  0.314913 ( 1.5349)  0.370691 ( 1.9076)  0.363034 ( 1.9533)  0.350162 ( 1.8464)  0.310810 ( 1.7607)  0.334090 ( 1.7189)  0.344313 ( 1.8290)  0.335440 ( 1.6957)  0.425735 ( 2.5028)  0.355980 ( 2.3771)  0.342971 ( 2.0827)
Amm_exo_IU2016829    0.374116 ( 2.1014)  0.453116 ( 2.5631)  0.333556 ( 1.7499)  0.311361 ( 1.9177)  0.363187 ( 2.1587)  0.338996 ( 1.9092)  0.338800 ( 1.8837)  0.341852 ( 2.1076)  0.354887 ( 2.2961)  0.334494 ( 1.8546)  0.344621 ( 2.0775)  0.285446 ( 1.3766)  0.335756 ( 1.9339)  0.344375 ( 2.0110)  0.325609 ( 1.9454)  0.285358 ( 1.9508)  0.306683 ( 1.6866)  0.311259 ( 1.8749)  0.306476 ( 1.6560)  0.375981 ( 2.2590)  0.320796 ( 1.9785)  0.317956 ( 2.1383)  0.310324 ( 2.4957)
Amm_spi_IU2016826    0.384800 ( 1.6253)  0.444460 ( 2.1588)  0.400468 ( 1.9445)  0.382965 ( 1.8601)  0.426349 ( 2.2043)  0.373999 ( 1.5910)  0.372653 ( 1.5854)  0.388600 ( 1.7628)  0.392373 ( 1.8235)  0.394215 ( 1.6559)  0.379508 ( 1.6377)  0.344763 ( 1.3827)  0.402562 ( 1.6002)  0.381961 ( 1.5957)  0.361636 ( 1.4586)  0.313777 ( 1.4080)  0.359318 ( 1.5071)  0.351488 ( 1.4859)  0.358707 ( 1.4919)  0.463033 ( 2.3342)  0.428193 ( 2.3753)  0.367085 ( 1.5938)  0.369201 ( 2.3628)  0.369745 ( 2.4240)
Ana_imp_Hexapoda    0.674363 ( 1.4550)  0.743923 ( 1.7191)  0.673938 ( 1.3813)  0.591978 ( 1.4774)  0.665250 ( 1.7424)  0.648778 ( 1.1503)  0.648049 ( 1.1534)  0.630473 ( 1.3755)  0.623631 ( 1.4887)  0.623461 ( 1.4298)  0.631145 ( 1.4063)  0.586466 ( 1.0168)  0.646218 ( 1.3339)  0.618100 ( 1.3921)  0.604515 ( 1.3896)  0.542958 ( 1.3067)  0.567754 ( 1.3248)  0.569035 ( 1.4065)  0.564656 ( 1.3238)  0.759094 ( 1.5190)  0.672094 ( 1.6521)  0.574199 ( 1.5192)  0.690096 ( 1.4149)  0.651158 ( 1.3264)  0.651587 ( 1.4497)
Ano_cfcal_IU2016811    0.536443 ( 1.0558)  0.639321 ( 1.7347)  0.533116 ( 1.1578)  0.462624 ( 1.1970)  0.524568 ( 1.5443)  0.522616 ( 1.0569)  0.521426 ( 1.0323)  0.506738 ( 1.0221)  0.522386 ( 1.1938)  0.506444 ( 0.9119)  0.519846 ( 1.0336)  0.498756 ( 0.6159)  0.526853 ( 0.9399)  0.517176 ( 1.0296)  0.489048 ( 1.0114)  0.431381 ( 0.9360)  0.497390 ( 0.8431)  0.470647 ( 0.9954)  0.497104 ( 0.8213)  0.591673 ( 1.3792)  0.516117 ( 1.4307)  0.496236 ( 1.1684)  0.549062 ( 1.1826)  0.525437 ( 1.0907)  0.567988 ( 1.0584)  0.740558 ( 1.2613)
Ano_dig_IU2016876    0.515166 ( 1.0671)  0.644977 ( 1.6303)  0.511728 ( 1.0308)  0.446574 ( 1.1830)  0.551785 ( 1.3530)  0.528040 ( 0.9985)  0.526823 ( 0.9858)  0.529831 ( 1.0279)  0.539732 ( 1.2740)  0.518436 ( 0.8777)  0.530662 ( 1.0006)  0.507501 ( 0.6495)  0.515614 ( 0.9080)  0.526707 ( 0.9766)  0.492964 ( 0.9539)  0.431028 ( 0.9202)  0.492785 ( 0.8334)  0.474098 ( 0.9550)  0.493768 ( 0.8208)  0.608058 ( 1.4667)  0.493871 ( 1.3926)  0.483043 ( 1.1173)  0.567001 ( 1.2341)  0.511203 ( 1.0309)  0.563549 ( 1.1164)  0.746565 ( 1.1643)  0.244035 ( 1.3892)
Ano_gan_IU2016854    0.580125 ( 1.2876)  0.697678 ( 1.7416)  0.583768 ( 1.2243)  0.527719 ( 1.3344)  0.590186 ( 1.5314)  0.583149 ( 1.0709)  0.583040 ( 1.0655)  0.578307 ( 1.1329)  0.560917 ( 1.2121)  0.572842 ( 0.9719)  0.575969 ( 1.1196)  0.564341 ( 0.7045)  0.561948 ( 1.0893)  0.589344 ( 1.0466)  0.558182 ( 1.0132)  0.490536 ( 0.8198)  0.537476 ( 0.8634)  0.531611 ( 1.0173)  0.537971 ( 0.8493)  0.677633 ( 1.5953)  0.566995 ( 1.4294)  0.542683 ( 1.3465)  0.628433 ( 1.3563)  0.561444 ( 1.1175)  0.631920 ( 1.1435)  0.840146 ( 1.2989)  0.190886 ( 2.4021)  0.273542 ( 1.5967)
Ano_gla_IU2016877    0.570620 ( 1.1606)  0.672133 ( 1.5787)  0.574203 ( 1.2187)  0.491358 ( 1.2810)  0.572368 ( 1.2962)  0.561617 ( 1.1334)  0.560383 ( 1.1208)  0.570551 ( 1.1017)  0.576400 ( 1.3340)  0.565009 ( 1.0044)  0.583841 ( 1.1169)  0.577649 ( 0.6498)  0.581730 ( 1.1132)  0.574281 ( 0.9911)  0.556057 ( 1.0037)  0.463252 ( 0.9899)  0.537451 ( 0.9294)  0.533924 ( 1.0246)  0.536263 ( 0.9182)  0.658901 ( 1.4554)  0.554001 ( 1.3785)  0.545894 ( 1.3131)  0.617126 ( 1.1459)  0.590496 ( 1.0769)  0.614807 ( 1.2266)  0.807307 ( 1.4175)  0.378864 ( 1.3537)  0.383637 ( 1.0771)  0.407630 ( 1.3658)
Ano_ins_IU2016808    0.523681 ( 1.1879)  0.632430 ( 1.6427)  0.534578 ( 1.0666)  0.495760 ( 1.2788)  0.564490 ( 1.6839)  0.546002 ( 0.9800)  0.543497 ( 0.9593)  0.534343 ( 1.1193)  0.551623 ( 1.2873)  0.516116 ( 0.9093)  0.539100 ( 1.0820)  0.537938 ( 0.6994)  0.538046 ( 0.9914)  0.534717 ( 1.0084)  0.522024 ( 1.0382)  0.452438 ( 0.9787)  0.503459 ( 0.9265)  0.493245 ( 1.0204)  0.501236 ( 0.9096)  0.612673 ( 1.4318)  0.525925 ( 1.4475)  0.502936 ( 1.1767)  0.577437 ( 1.1943)  0.553049 ( 1.2120)  0.580704 ( 1.3508)  0.768710 ( 1.3832)  0.251705 ( 1.4289)  0.257476 ( 1.5013)  0.276393 ( 1.6005)  0.388317 ( 1.2944)
Ano_mas_IU20161124    0.547879 ( 0.9836)  0.617266 ( 1.4314)  0.537459 ( 1.0434)  0.479212 ( 1.1793)  0.557491 ( 1.4789)  0.534260 ( 0.8902)  0.533856 ( 0.8831)  0.546152 ( 0.9849)  0.545172 ( 1.1559)  0.515564 ( 0.9145)  0.534403 ( 1.0021)  0.479200 ( 0.5343)  0.556659 ( 0.9028)  0.532605 ( 0.9234)  0.504799 ( 0.8600)  0.440995 ( 0.8092)  0.490389 ( 0.8442)  0.485867 ( 0.8595)  0.490700 ( 0.8269)  0.615987 ( 1.3522)  0.531683 ( 1.3300)  0.513327 ( 1.0456)  0.600715 ( 1.1362)  0.530529 ( 1.0344)  0.568426 ( 0.9450)  0.748298 ( 1.0779)  0.270253 ( 1.4733)  0.245973 ( 1.2511)  0.275308 ( 1.3340)  0.408795 ( 1.0115)  0.244225 ( 1.4693)
Ano_mic_IU2016804    0.542608 ( 1.1767)  0.642577 ( 1.6576)  0.551304 ( 1.0626)  0.487204 ( 1.2804)  0.549252 ( 1.3902)  0.521309 ( 1.1216)  0.518226 ( 1.1072)  0.539609 ( 1.1580)  0.541013 ( 1.2733)  0.522583 ( 0.9786)  0.533308 ( 1.0929)  0.499370 ( 0.7185)  0.526929 ( 1.0708)  0.529267 ( 0.9407)  0.519864 ( 0.9517)  0.459446 ( 0.8974)  0.488467 ( 0.9283)  0.497522 ( 0.9734)  0.485150 ( 0.9226)  0.645052 ( 1.5494)  0.547402 ( 1.4460)  0.506596 ( 1.2486)  0.561963 ( 1.3771)  0.550606 ( 1.1502)  0.566067 ( 1.0722)  0.753381 ( 1.2737)  0.354666 ( 1.4090)  0.354198 ( 1.1808)  0.370352 ( 1.3800)  0.301664 ( 1.4823)  0.364532 ( 1.2392)  0.351554 ( 1.0614)
Ano_pec_IU2016806    0.672667 ( 1.7959)  0.770098 ( 2.1899)  0.639901 ( 1.6756)  0.539761 ( 1.8820)  0.634150 ( 1.9326)  0.649391 ( 1.6889)  0.646841 ( 1.6679)  0.649984 ( 1.8340)  0.697774 ( 2.2654)  0.654612 ( 1.7721)  0.664926 ( 1.8763)  0.575248 ( 1.1873)  0.666376 ( 1.5652)  0.683679 ( 1.8874)  0.647947 ( 1.8648)  0.535801 ( 1.8634)  0.610511 ( 1.7191)  0.620048 ( 1.8611)  0.605955 ( 1.7088)  0.725321 ( 2.1292)  0.587277 ( 1.9038)  0.615730 ( 2.0133)  0.677827 ( 1.8279)  0.626661 ( 1.8354)  0.699307 ( 2.0646)  0.946304 ( 1.8342)  0.583155 ( 1.8427)  0.544013 ( 1.9463)  0.633600 ( 2.0294)  0.641593 ( 1.9583)  0.580238 ( 1.8138)  0.557877 ( 1.8399)  0.617543 ( 1.8571)
Ano_pet_PYC067     0.583480 ( 1.3372)  0.691827 ( 2.0432)  0.575841 ( 1.2548)  0.548453 ( 1.4965)  0.612875 ( 1.6491)  0.548216 ( 1.1072)  0.542768 ( 1.0812)  0.566172 ( 1.3925)  0.586115 ( 1.6326)  0.556408 ( 1.1826)  0.552975 ( 1.3363)  0.565660 ( 0.9549)  0.589120 ( 1.2131)  0.567705 ( 1.2127)  0.560914 ( 1.3276)  0.469573 ( 1.2625)  0.537508 ( 1.1200)  0.554998 ( 1.3155)  0.538276 ( 1.1249)  0.651846 ( 1.7193)  0.529636 ( 1.4764)  0.572735 ( 1.3425)  0.593837 ( 1.3382)  0.564120 ( 1.3027)  0.640460 ( 1.1588)  0.829819 ( 1.6408)  0.314916 ( 1.5714)  0.300633 ( 1.5892)  0.350318 ( 1.8676)  0.449176 ( 1.2776)  0.285889 ( 1.5193)  0.279428 ( 1.5555)  0.405316 ( 1.3763)  0.595211 ( 2.1466)
Ano_sp_IU2011699    0.605333 ( 1.4862)  0.717573 ( 1.9353)  0.584214 ( 1.2585)  0.506621 ( 1.4295)  0.575465 ( 1.6381)  0.597818 ( 1.2844)  0.594065 ( 1.2683)  0.624198 ( 1.4808)  0.644905 ( 1.6506)  0.596179 ( 1.3190)  0.620381 ( 1.3582)  0.523508 ( 0.9735)  0.626570 ( 1.3207)  0.615751 ( 1.3826)  0.596722 ( 1.2865)  0.515848 ( 1.2666)  0.570142 ( 1.1627)  0.569201 ( 1.2631)  0.566578 ( 1.1422)  0.620318 ( 1.6308)  0.549524 ( 1.4901)  0.571189 ( 1.4896)  0.610025 ( 1.7123)  0.565431 ( 1.2989)  0.654668 ( 1.6873)  0.884705 ( 1.5586)  0.515742 ( 1.4342)  0.504611 ( 1.2590)  0.551767 ( 1.5336)  0.569482 ( 1.2867)  0.518665 ( 1.3589)  0.506516 ( 1.1995)  0.563237 ( 1.3433)  0.429257 ( 2.6599)  0.519851 ( 1.2700)
Ano_sp_IU201212791266    0.509560 ( 1.1946)  0.610300 ( 1.6704)  0.518971 ( 1.0686)  0.461865 ( 1.2559)  0.550885 ( 1.4461)  0.521263 ( 0.9341)  0.520167 ( 0.9336)  0.509117 ( 1.0064)  0.522793 ( 1.2008)  0.501401 ( 0.9246)  0.517974 ( 0.9885)  0.475403 ( 0.5315)  0.512868 ( 0.9796)  0.504605 ( 0.9795)  0.478056 ( 0.9650)  0.419946 ( 0.9711)  0.475031 ( 0.7851)  0.466450 ( 1.0156)  0.475847 ( 0.7721)  0.596995 ( 1.5839)  0.500202 ( 1.5208)  0.481689 ( 1.1184)  0.557268 ( 1.2720)  0.531459 ( 1.1297)  0.564945 ( 1.1416)  0.773031 ( 1.2630)  0.247558 ( 1.3472)  0.101612 ( 4.1262)  0.279287 ( 1.5456)  0.379271 ( 1.1867)  0.269655 ( 1.5588)  0.258630 ( 1.1841)  0.344601 ( 1.1022)  0.542963 ( 1.8796)  0.325771 ( 1.6517)  0.494045 ( 1.2907)
Ano_sp_IU201318611    0.558253 ( 0.9779)  0.642004 ( 1.6212)  0.528777 ( 1.0532)  0.486308 ( 1.1533)  0.559632 ( 1.4284)  0.524060 ( 0.9685)  0.521042 ( 0.9435)  0.554946 ( 1.0629)  0.554844 ( 1.1474)  0.513734 ( 0.8883)  0.544991 ( 1.0228)  0.500193 ( 0.6700)  0.555599 ( 0.8938)  0.544928 ( 0.9325)  0.517999 ( 0.9279)  0.447986 ( 0.8558)  0.500933 ( 0.8671)  0.495074 ( 0.9334)  0.501839 ( 0.8531)  0.618438 ( 1.3005)  0.534025 ( 1.3322)  0.510085 ( 1.0286)  0.594709 ( 1.1319)  0.544249 ( 0.9709)  0.573753 ( 1.0378)  0.784060 ( 1.1481)  0.269753 ( 1.2919)  0.253259 ( 1.4463)  0.290911 ( 1.3153)  0.412984 ( 1.0592)  0.244366 ( 1.4866)  0.108277 ( 3.9484)  0.358896 ( 1.0842)  0.557954 ( 1.7303)  0.287201 ( 1.6145)  0.520215 ( 1.2972)  0.259268 ( 1.3303)
Ano_sp_IU20161410    0.543852 ( 1.0499)  0.661678 ( 1.6114)  0.510274 ( 1.0369)  0.458587 ( 1.2305)  0.536379 ( 1.4503)  0.520938 ( 0.9444)  0.519758 ( 0.9207)  0.531280 ( 1.1248)  0.550904 ( 1.3231)  0.518327 ( 1.0314)  0.528594 ( 0.9918)  0.479590 ( 0.6432)  0.521392 ( 0.8900)  0.526354 ( 1.0488)  0.499837 ( 0.9888)  0.427555 ( 1.0018)  0.479045 ( 0.8994)  0.477207 ( 0.9893)  0.476730 ( 0.8826)  0.594994 ( 1.3286)  0.488402 ( 1.3204)  0.498865 ( 1.2263)  0.554076 ( 1.0654)  0.517372 ( 0.9805)  0.549821 ( 1.1734)  0.723396 ( 1.1202)  0.387316 ( 1.0450)  0.396843 ( 0.9526)  0.442025 ( 1.0959)  0.445319 ( 1.1501)  0.411538 ( 1.0617)  0.410163 ( 0.9318)  0.413381 ( 1.1932)  0.553892 ( 1.8120)  0.452011 ( 1.0522)  0.490658 ( 1.2954)  0.401588 ( 0.9569)  0.410185 ( 0.8251)
Ano_val_PYC043     0.443480 ( 1.2073)  0.530745 ( 1.5247)  0.472571 ( 0.9299)  0.519124 ( 1.0683)  0.512242 ( 1.0487)  0.443409 ( 0.7712)  0.441025 ( 0.7714)  0.458497 ( 1.0566)  0.507287 ( 1.1994)  0.436624 ( 1.0104)  0.436501 ( 0.9183)  0.344149 ( 0.5941)  0.461602 ( 0.8761)  0.440672 ( 1.0322)  0.433446 ( 1.0127)  0.392209 ( 0.9723)  0.408049 ( 0.8475)  0.431990 ( 1.0164)  0.408028 ( 0.8471)  0.578194 ( 1.4536)  0.506271 ( 1.1692)  0.425318 ( 1.1030)  0.498781 ( 1.2420)  0.467820 ( 1.0761)  0.485802 ( 1.3228)  0.635397 ( 1.1491)  0.523753 ( 1.0341)  0.500197 ( 0.9008)  0.561060 ( 1.0457)  0.535287 ( 1.1855)  0.501644 ( 0.9288)  0.516216 ( 1.0014)  0.505479 ( 0.9500)  0.653001 ( 1.3482)  0.587668 ( 1.0428)  0.545901 ( 1.1660)  0.516921 ( 0.9361)  0.529104 ( 0.9566)  0.488245 ( 0.8452)
Asc_aby_PYC021     0.359084 ( 1.9951)  0.439565 ( 2.8700)  0.362450 ( 1.5204)  0.365810 ( 1.8177)  0.394007 ( 2.2545)  0.353667 ( 1.6622)  0.352953 ( 1.6338)  0.333605 ( 1.8352)  0.369254 ( 2.1689)  0.316991 ( 1.6613)  0.326315 ( 1.7990)  0.177814 ( 1.3536)  0.346763 ( 1.5342)  0.323300 ( 1.6828)  0.315862 ( 1.6959)  0.306484 ( 1.6533)  0.300543 ( 1.7419)  0.308095 ( 1.6776)  0.300543 ( 1.7419)  0.373726 ( 1.8966)  0.338000 ( 1.6833)  0.341245 ( 2.1007)  0.327642 ( 1.9353)  0.286986 ( 1.8778)  0.384799 ( 1.8737)  0.534093 ( 1.6223)  0.426190 ( 1.2138)  0.455913 ( 1.1951)  0.476474 ( 1.2135)  0.433109 ( 1.2934)  0.432103 ( 1.3625)  0.422143 ( 1.3564)  0.429581 ( 1.5657)  0.512499 ( 1.9287)  0.445399 ( 1.4166)  0.449542 ( 1.4067)  0.438653 ( 1.2559)  0.428098 ( 1.2004)  0.404714 ( 1.1346)  0.431790 ( 1.0305)
Asc_cas_IU20148275    0.399048 ( 1.6941)  0.462057 ( 2.0786)  0.426208 ( 1.6842)  0.389216 ( 2.0374)  0.417811 ( 1.9794)  0.406854 ( 1.3234)  0.405763 ( 1.3082)  0.419155 ( 1.6515)  0.414324 ( 1.7073)  0.395119 ( 1.3855)  0.397110 ( 1.4385)  0.375194 ( 1.1337)  0.398284 ( 1.5029)  0.403849 ( 1.3727)  0.390780 ( 1.3362)  0.339001 ( 1.3277)  0.372171 ( 1.3999)  0.371045 ( 1.3728)  0.372144 ( 1.4040)  0.503660 ( 2.0883)  0.424354 ( 2.3565)  0.372353 ( 1.6085)  0.416121 ( 1.6818)  0.410480 ( 2.0552)  0.445527 ( 1.6718)  0.599734 ( 1.3115)  0.549355 ( 1.3146)  0.582186 ( 1.3045)  0.619149 ( 1.3975)  0.629709 ( 1.4364)  0.545572 ( 1.3442)  0.564369 ( 1.2986)  0.573911 ( 1.3528)  0.726941 ( 2.0085)  0.619755 ( 1.4551)  0.651854 ( 1.5606)  0.573887 ( 1.2802)  0.568065 ( 1.2576)  0.543493 ( 1.1322)  0.459457 ( 1.1084)  0.290083 ( 2.7493)
Asc_cas_IU2016883    0.366817 ( 1.5148)  0.446150 ( 1.6618)  0.388047 ( 1.3413)  0.376430 ( 1.5288)  0.429829 ( 1.6967)  0.393078 ( 1.0459)  0.391178 ( 1.0239)  0.401924 ( 1.1434)  0.389567 ( 1.2192)  0.374035 ( 1.0286)  0.389593 ( 1.1202)  0.351426 ( 0.7710)  0.379961 ( 1.1644)  0.385416 ( 1.0843)  0.371689 ( 1.0793)  0.329133 ( 1.1789)  0.355201 ( 0.9656)  0.356588 ( 1.1509)  0.355005 ( 0.9656)  0.504863 ( 1.8644)  0.413275 ( 1.9079)  0.363264 ( 1.3126)  0.419719 ( 1.4140)  0.396685 ( 1.5221)  0.419019 ( 1.5666)  0.560957 ( 1.1269)  0.542261 ( 1.0378)  0.537202 ( 1.0257)  0.593731 ( 1.1873)  0.580930 ( 0.9940)  0.530151 ( 1.0266)  0.533841 ( 0.9971)  0.542762 ( 0.8786)  0.718619 ( 1.7431)  0.582094 ( 1.2551)  0.647893 ( 1.2760)  0.550940 ( 1.0450)  0.535126 ( 1.0201)  0.546128 ( 0.9742)  0.439515 ( 1.0397)  0.275511 ( 2.0033)  0.220362 ( 2.0360)
Asc_lat_IU2016816    0.401936 ( 1.6256)  0.471682 ( 1.8779)  0.462733 ( 1.5057)  0.416158 ( 1.8126)  0.449840 ( 2.0559)  0.413850 ( 1.1611)  0.412425 ( 1.1561)  0.417826 ( 1.3811)  0.416952 ( 1.5149)  0.409103 ( 1.3493)  0.407555 ( 1.2766)  0.377296 ( 1.0657)  0.422508 ( 1.2806)  0.420571 ( 1.3203)  0.399266 ( 1.2829)  0.361375 ( 1.3570)  0.385598 ( 1.2882)  0.379371 ( 1.3283)  0.383663 ( 1.2857)  0.538859 ( 2.1714)  0.449496 ( 2.0735)  0.382524 ( 1.5625)  0.432882 ( 1.5988)  0.428504 ( 1.8026)  0.436491 ( 1.6207)  0.614784 ( 1.3494)  0.575468 ( 1.3187)  0.601476 ( 1.1666)  0.631404 ( 1.3568)  0.630228 ( 1.1787)  0.596638 ( 1.2388)  0.588387 ( 1.1750)  0.570210 ( 1.3361)  0.728044 ( 1.7751)  0.634387 ( 1.4037)  0.663131 ( 1.4824)  0.616605 ( 1.2037)  0.607882 ( 1.1956)  0.587825 ( 1.2847)  0.427168 ( 0.9640)  0.295597 ( 2.3734)  0.303928 ( 2.0118)  0.280877 ( 1.6209)
Asc_qua_IU200820493    0.348005 ( 1.6281)  0.409655 ( 1.8945)  0.397704 ( 1.5236)  0.360147 ( 1.7425)  0.399326 ( 2.0755)  0.371542 ( 1.3684)  0.369716 ( 1.3579)  0.366717 ( 1.5754)  0.368489 ( 1.6131)  0.359162 ( 1.3767)  0.358297 ( 1.3472)  0.315105 ( 1.1180)  0.376294 ( 1.3890)  0.366445 ( 1.4369)  0.364182 ( 1.3137)  0.316624 ( 1.3987)  0.345962 ( 1.2808)  0.347400 ( 1.3074)  0.347584 ( 1.2751)  0.459555 ( 1.9776)  0.403620 ( 2.4157)  0.351085 ( 1.6409)  0.380223 ( 1.8793)  0.379938 ( 1.9434)  0.402075 ( 1.5243)  0.556877 ( 1.2695)  0.539301 ( 1.2346)  0.546427 ( 1.3832)  0.601707 ( 1.3002)  0.615933 ( 1.3406)  0.582152 ( 1.3117)  0.555103 ( 1.0927)  0.540458 ( 1.2023)  0.676954 ( 1.7045)  0.614940 ( 1.3949)  0.599720 ( 1.5618)  0.534216 ( 1.4234)  0.575022 ( 1.1877)  0.536379 ( 1.2298)  0.427889 ( 0.9768)  0.300100 ( 2.2234)  0.289804 ( 1.6858)  0.280825 ( 1.5226)  0.293823 ( 1.6503)
Asc_set_IU20166864    0.371792 ( 1.7736)  0.427507 ( 1.7592)  0.447727 ( 1.9283)  0.383907 ( 2.2533)  0.434843 ( 2.2872)  0.392789 ( 1.8011)  0.391409 ( 1.7958)  0.394097 ( 1.8523)  0.394458 ( 2.0933)  0.379130 ( 1.7775)  0.392051 ( 1.9255)  0.342167 ( 1.1726)  0.410138 ( 1.7502)  0.383714 ( 1.7620)  0.376879 ( 1.6460)  0.328409 ( 1.6187)  0.369490 ( 1.6622)  0.360020 ( 1.6709)  0.369529 ( 1.6622)  0.496283 ( 2.5791)  0.436836 ( 2.8713)  0.356088 ( 1.6019)  0.419968 ( 2.1004)  0.413800 ( 2.4568)  0.433564 ( 1.7472)  0.621799 ( 1.4286)  0.578276 ( 1.4300)  0.589091 ( 1.5396)  0.644205 ( 1.5958)  0.641462 ( 1.6714)  0.594792 ( 1.5636)  0.609404 ( 1.3227)  0.587358 ( 1.5119)  0.720857 ( 2.1367)  0.665099 ( 1.6032)  0.658600 ( 1.9506)  0.568811 ( 1.5445)  0.592723 ( 1.3917)  0.567009 ( 1.5625)  0.463013 ( 1.2069)  0.365607 ( 2.7059)  0.353124 ( 1.7554)  0.319877 ( 1.4914)  0.338097 ( 1.7810)  0.260181 ( 2.1516)
Asc_sp_IU2011748    0.450212 ( 1.5530)  0.513295 ( 1.8056)  0.475036 ( 1.6476)  0.406657 ( 1.7838)  0.486227 ( 2.1761)  0.426222 ( 1.3760)  0.426815 ( 1.3763)  0.458291 ( 1.4640)  0.457889 ( 1.7694)  0.445160 ( 1.5068)  0.457693 ( 1.4219)  0.398023 ( 1.1325)  0.447226 ( 1.5839)  0.442014 ( 1.4220)  0.431336 ( 1.4999)  0.371973 ( 1.4496)  0.407827 ( 1.4364)  0.413801 ( 1.5327)  0.407034 ( 1.4380)  0.562277 ( 2.1016)  0.471598 ( 2.2055)  0.422624 ( 1.6751)  0.469722 ( 1.6954)  0.466970 ( 2.0544)  0.470750 ( 1.6447)  0.661019 ( 1.4160)  0.592731 ( 1.3219)  0.612820 ( 1.3737)  0.654258 ( 1.3144)  0.659569 ( 1.2903)  0.608553 ( 1.2305)  0.612360 ( 1.2175)  0.587416 ( 1.1940)  0.767125 ( 1.9202)  0.681727 ( 1.4364)  0.699589 ( 1.6119)  0.599294 ( 1.2696)  0.635672 ( 1.1367)  0.601398 ( 1.3616)  0.467717 ( 1.0326)  0.340301 ( 2.2701)  0.326506 ( 1.9841)  0.302898 ( 1.5835)  0.238620 ( 2.5796)  0.321236 ( 1.7184)  0.357827 ( 1.6525)
